00000000000000000000000000000000000000000000000000000000000000000000000000000000
00000000000000000000000000000000000000000000000000000000000000000000000000000000
00000000000000000000000000000000000000000000000000000000000000000000000000000000
00000000000000000000000000000000000000000000000000000000000000000000000000000000
00000000000000100000000000000000000000000000000000000000000000000100000000000000
00000000000000100000000000000000000000000000000000000000000000000100000000000000
00000000000011011000000000000000000000000000000000000000000000011011000000000000
00000000000000000000000000000000000000000000000000000000000000000000000000000000
00000000001010001010000000000000000000000000000000000000000001010001010000000000
00000000001000000010000000000000000000000000000000000000000001000000010000000000
00000000110000000001100000000000000000000000000000000000000110000000001100000000
00000000001000000010000000000000000000000000000000000000000001000000010000000000
00000000001010001010000000000000000000000000000000000000000001010001010000000000
00000000000000000000000000000000000000000000000000000000000000000000000000000000
00000000000011011000000000000000000000000000000000000000000000011011000000000000
00000000000000100000000000000000000000000000000000000000000000000100000000000000
00000000000000100000000000000000000000000000000000000000000000000100000000000000
00000000000000000000000000000000000000000000000000000000000000000000000000000000
00000000000000000000000000000000000000000000000000000000000000000000000000000000
00000000000000000000000000000000000000000000000000000000000000000000000000000000
00000000000000000000000000000000000000000000000000000000000000000000000000000000
00000000000000000000000000000000000000000000000000000000000000000000000000000000
00000000000000000000000000000000000000000000000000000000000000000000000000000000
00000000000000000000000000000000000000000000000000000000000000000000000000000000
00000000000000000000000000000000000000000000000000000000000000000000000000000000